47
45
12
55
1
21
336
254
666
32
1
47
45
12
55
1
21
336
254
666
32
147
45
12
55
1
21
336
254
666
32
147
45
12
55
1
21
336
254
666
32
147
45
12
55
1
21
336
254
666
32
147
45
12
55
1
21
336
254
666
32
147
45
12
55
1
21
336
254
666
32
147
45
12
55
1
21
336
254
666
32
147
45
12
55
1
21
336
254
666
32
147
45
12
55
1
21
336
254
666
32
147
45
12
55
1
21
336
254
666
32
147
45
12
55
1
21
336
254
666
32
147
45
12
55
1
21
336
254
666
32
147
45
12
55
1
21
336
254
666
32
147
45
12
55
1
21
336
254
666
32
147
45
12
55
1
21
336
254
666
32
147
45
12
55
1
21
336
254
666
32
147
45
12
55
1
21
336
254
666
32
147
45
12
55
1
21
336
254
666
32
147
45
12
55
1
21
336
254
666
32
147
45
12
55
1
21
336
254
666
32
147
45
12
55
1
21
336
254
666
32
147
45
12
55
1
21
336
254
666
32
147
45
12
55
1
21
336
254
666
32
147
45
12
55
1
21
336
254
666
32
147
45
12
55
1
21
336
254
666
32
147
45
12
55
1
21
336
254
666
32
147
45
12
55
1
21
336
254
666
32
147
45
12
55
1
21
336
254
666
32
147
45
12
55
1
21
336
254
666
32
147
45
12
55
1
21
336
254
666
32
147
45
12
55
1
21
336
254
666
32
147
45
12
55
1
21
336
254
666
32
147
45
12
55
1
21
336
254
666
32
147
45
12
55
1
21
336
254
666
32
147
45
12
55
1
21
336
254
666
32
147
45
12
55
1
21
336
254
666
32
147
45
12
55
1
21
336
254
666
32
147
45
12
55
1
21
336
254
666
32
147
45
12
55
1
21
336
254
666
32
147
45
12
55
1
21
336
254
666
32
147
45
12
55
1
21
336
254
666
32
147
45
12
55
1
21
336
254
666
32
147
45
12
55
1
21
336
254
666
32
147
45
12
55
1
21
336
254
666
32
147
45
12
55
1
21
336
254
666
32
147
45
12
55
1
21
336
254
666
32
147
45
12
55
1
21
336
254
666
32
147
45
12
55
1
21
336
254
666
32
147
45
12
55
1
21
336
254
666
32
147
45
12
55
1
21
336
254
666
32
147
45
12
55
1
21
336
254
666
32
147
45
12
55
1
21
336
254
666
32
1